4 0.1454248366013072 0.678 0.2581699346405229 0.364
4 0.35866013071895425 0.694 0.2565359477124183 0.34
4 0.5915032679738562 0.708 0.238562091503268 0.368
4 0.19281045751633988 0.432 0.22875816993464052 0.264
4 0.35375816993464054 0.258 0.184640522875817 0.204
4 0.3660130718954248 0.462 0.19607843137254902 0.252
4 0.5269607843137255 0.29 0.17483660130718953 0.22
4 0.5637254901960784 0.474 0.20915032679738563 0.276
4 0.7075163398692811 0.3 0.16666666666666666 0.24
4 0.7679738562091504 0.488 0.19934640522875818 0.296
4 0.9035947712418301 0.302 0.17320261437908496 0.276