4 0.196875 0.10277777777777777 0.365625 0.18333333333333332
4 0.57421875 0.10833333333333334 0.3296875 0.20277777777777778
4 0.88828125 0.11527777777777778 0.2234375 0.19722222222222222
4 0.176171875 0.3763888888888889 0.34765625 0.20555555555555555
4 0.57578125 0.38125 0.325 0.1986111111111111
4 0.885546875 0.38055555555555554 0.22890625 0.23055555555555557
4 0.186328125 0.6354166666666666 0.36328125 0.2263888888888889
4 0.571484375 0.6736111111111112 0.31796875 0.18055555555555555
4 0.88515625 0.6548611111111111 0.2296875 0.17083333333333334
4 0.186328125 0.9034722222222222 0.36328125 0.19305555555555556
4 0.60390625 0.9 0.2921875 0.2
4 0.887109375 0.9111111111111111 0.22578125 0.17777777777777778