4 0.14460784313725492 0.25980392156862747 0.12908496732026145 0.3627450980392157
4 0.22549019607843138 0.1875 0.0392156862745098 0.13480392156862744
4 0.26715686274509803 0.18627450980392157 0.04411764705882353 0.14215686274509803
4 0.24019607843137256 0.375 0.0718954248366013 0.23039215686274508
4 0.39133986928104575 0.17524509803921567 0.03431372549019608 0.12990196078431374
4 0.6519607843137255 0.18382352941176472 0.0392156862745098 0.14215686274509803
4 0.7883986928104575 0.3272058823529412 0.04738562091503268 0.14460784313725492
4 0.8406862745098039 0.32107843137254904 0.05065359477124183 0.14215686274509803
4 0.2777777777777778 0.5735294117647058 0.032679738562091505 0.14705882352941177
4 0.1111111111111111 0.7450980392156863 0.049019607843137254 0.13725490196078433
4 0.15441176470588236 0.7928921568627451 0.04411764705882353 0.13480392156862744
4 0.2777777777777778 0.7475490196078431 0.042483660130718956 0.14705882352941177
4 0.32107843137254904 0.7990196078431373 0.04411764705882353 0.14215686274509803
4 0.369281045751634 0.7720588235294118 0.0457516339869281 0.13725490196078433
4 0.678921568627451 0.8112745098039216 0.04738562091503268 0.1568627450980392
4 0.678921568627451 0.6556372549019608 0.04738562091503268 0.13970588235294118
4 0.8848039215686274 0.6678921568627451 0.04738562091503268 0.14460784313725492
4 0.7279411764705882 0.8639705882352942 0.05392156862745098 0.15441176470588236
4 0.7826797385620915 0.8431372549019608 0.042483660130718956 0.12254901960784313
4 0.8243464052287581 0.8394607843137255 0.04084967320261438 0.12990196078431374
4 0.8709150326797386 0.8443627450980392 0.058823529411764705 0.16911764705882354
4 0.744281045751634 0.678921568627451 0.07026143790849673 0.20588235294117646