4 0.42810457516339867 0.6274509803921569 0.08496732026143791 0.28431372549019607
4 0.4264705882352941 0.38235294117647056 0.08823529411764706 0.20588235294117646
4 0.5514705882352942 0.39215686274509803 0.07679738562091504 0.2549019607843137
4 0.07352941176470588 0.6299019607843137 0.08823529411764706 0.25980392156862747
4 0.18709150326797386 0.9019607843137255 0.09640522875816994 0.19607843137254902
4 0.29411764705882354 0.8811274509803921 0.10130718954248366 0.23774509803921567
4 0.4207516339869281 0.8823529411764706 0.09640522875816994 0.23529411764705882
4 0.30310457516339867 0.6470588235294118 0.08986928104575163 0.2549019607843137
4 0.19281045751633988 0.3909313725490196 0.08169934640522876 0.2769607843137255
4 0.553921568627451 0.6605392156862745 0.08823529411764706 0.2867647058823529
4 0.6756535947712419 0.8848039215686274 0.09313725490196079 0.23039215686274508
4 0.7949346405228758 0.14583333333333334 0.08660130718954248 0.2867647058823529
4 0.6715686274509803 0.3909313725490196 0.0784313725490196 0.27205882352941174
4 0.7998366013071896 0.3946078431372549 0.09640522875816994 0.2647058823529412
4 0.798202614379085 0.9031862745098039 0.11601307189542484 0.19362745098039216
4 0.5555555555555556 0.13848039215686275 0.09477124183006536 0.27205882352941174
4 0.07516339869281045 0.13357843137254902 0.0915032679738562 0.25735294117647056