4 0.39140625 0.5072916666666667 0.2140625 0.33541666666666664
4 0.27421875 0.21875 0.2765625 0.18333333333333332
4 0.11953125 0.434375 0.2359375 0.23958333333333334
4 0.4671875 0.35625 0.36875 0.16666666666666666
4 0.928125 0.3 0.14375 0.25
4 0.821875 0.159375 0.259375 0.17291666666666666
4 0.25859375 0.090625 0.1890625 0.13125
4 0.4640625 0.18020833333333333 0.121875 0.20208333333333334
4 0.7984375 0.759375 0.403125 0.40208333333333335
4 0.49921875 0.08229166666666667 0.1578125 0.16041666666666668
4 0.6890625 0.0875 0.1625 0.16666666666666666