4 0.36328125 0.8810185185185185 0.0890625 0.23796296296296296
4 0.7013020833333333 0.6916666666666667 0.09635416666666667 0.2222222222222222
4 0.7346354166666667 0.8870370370370371 0.10989583333333333 0.22592592592592592
4 0.8348958333333333 0.8861111111111111 0.11979166666666667 0.22777777777777777
4 0.4783854166666667 0.8898148148148148 0.08802083333333334 0.22037037037037038
4 0.47942708333333334 0.6962962962962963 0.0765625 0.22037037037037038
4 0.3770833333333333 0.6819444444444445 0.08020833333333334 0.22870370370370371
4 0.6033854166666667 0.8787037037037037 0.10364583333333334 0.24259259259259258
4 0.5755208333333334 0.6708333333333333 0.090625 0.2175925925925926
4 0.94765625 0.85 0.1046875 0.2722222222222222
4 0.90546875 0.6587962962962963 0.1109375 0.24351851851851852
4 0.26197916666666665 0.8736111111111111 0.115625 0.25277777777777777
4 0.16354166666666667 0.8717592592592592 0.11770833333333333 0.2564814814814815
4 0.19088541666666667 0.6625 0.08697916666666666 0.2101851851851852
4 0.28567708333333336 0.6638888888888889 0.08489583333333334 0.22407407407407406
4 0.77265625 0.5847222222222223 0.10885416666666667 0.2175925925925926
4 0.8572916666666667 0.4962962962962963 0.103125 0.1814814814814815
4 0.6684895833333333 0.5208333333333334 0.08802083333333334 0.1935185185185185
4 0.5557291666666667 0.5050925925925925 0.07395833333333333 0.19166666666666668
4 0.4825520833333333 0.5259259259259259 0.0703125 0.17592592592592593
4 0.3921875 0.49953703703703706 0.065625 0.19166666666666668
4 0.31223958333333335 0.49583333333333335 0.07552083333333333 0.18981481481481483
4 0.20755208333333333 0.4930555555555556 0.08802083333333334 0.18796296296296297
4 0.221875 0.36435185185185187 0.084375 0.15648148148148147
4 0.31536458333333334 0.35694444444444445 0.07864583333333333 0.15833333333333333
4 0.39505208333333336 0.35138888888888886 0.05572916666666667 0.15833333333333333
4 0.4674479166666667 0.3851851851851852 0.0703125 0.1814814814814815
4 0.55 0.3560185185185185 0.071875 0.16018518518518518
4 0.6361979166666667 0.3763888888888889 0.06822916666666666 0.17314814814814813
4 0.7388020833333333 0.4263888888888889 0.06927083333333334 0.18055555555555555
4 0.8302083333333333 0.35138888888888886 0.09270833333333334 0.1787037037037037
4 0.7174479166666666 0.2935185185185185 0.07552083333333333 0.1537037037037037
4 0.24114583333333334 0.2388888888888889 0.071875 0.14074074074074075
4 0.2596354166666667 0.13194444444444445 0.06927083333333334 0.11203703703703703
4 0.3338541666666667 0.23055555555555557 0.07395833333333333 0.16111111111111112
4 0.4015625 0.24305555555555555 0.06145833333333333 0.15648148148148147
4 0.3359375 0.13194444444444445 0.0625 0.11944444444444445
4 0.4036458333333333 0.13194444444444445 0.05416666666666667 0.12685185185185185
4 0.4627604166666667 0.10555555555555556 0.0546875 0.09444444444444444
4 0.46848958333333335 0.2902777777777778 0.06614583333333333 0.14722222222222223
4 0.5401041666666667 0.24537037037037038 0.06145833333333333 0.15185185185185185
4 0.5361979166666667 0.14027777777777778 0.059895833333333336 0.12314814814814815
4 0.61484375 0.14351851851851852 0.0578125 0.10925925925925926
4 0.6265625 0.2490740740740741 0.06666666666666667 0.13148148148148148
4 0.6872395833333333 0.18888888888888888 0.06614583333333333 0.12962962962962962
4 0.6770833333333334 0.09074074074074075 0.05416666666666667 0.11481481481481481
4 0.77109375 0.11898148148148148 0.06510416666666667 0.13796296296296295
4 0.79375 0.22268518518518518 0.07708333333333334 0.14351851851851852