4 0.5100143061516452 0.515 0.19599427753934193 0.2788888888888889
4 0.271101573676681 0.5311111111111111 0.19599427753934193 0.25333333333333335
4 0.759656652360515 0.5555555555555556 0.1917024320457797 0.19555555555555557
4 0.7567954220314735 0.32555555555555554 0.17739628040057226 0.22666666666666666
4 0.5400572246065808 0.33166666666666667 0.13590844062947066 0.1988888888888889
4 0.21888412017167383 0.7872222222222223 0.20028612303290416 0.24333333333333335
4 0.4899856938483548 0.775 0.20457796852646637 0.27666666666666667
4 0.776824034334764 0.78 0.22031473533619456 0.24888888888888888
4 0.06223175965665236 0.5438888888888889 0.12160228898426323 0.20777777777777778
4 0.9484978540772532 0.535 0.10300429184549356 0.20777777777777778
4 0.944206008583691 0.33 0.11158798283261803 0.20222222222222222