4 0.755 0.7233333333333334 0.175 0.19333333333333333
4 0.88875 0.64 0.1875 0.18
4 0.905 0.5066666666666667 0.155 0.16
4 0.12875 0.6683333333333333 0.1875 0.17666666666666667
4 0.2675 0.6333333333333333 0.175 0.16666666666666666
4 0.4225 0.585 0.15 0.15666666666666668
4 0.2625 0.49166666666666664 0.165 0.13
4 0.1775 0.38666666666666666 0.105 0.16
4 0.32625 0.38333333333333336 0.1325 0.15333333333333332
4 0.4875 0.4583333333333333 0.14 0.14333333333333334
4 0.76125 0.49 0.1475 0.16666666666666666
4 0.6475 0.3516666666666667 0.13 0.13666666666666666
4 0.4075 0.3516666666666667 0.115 0.12333333333333334
4 0.775 0.36666666666666664 0.15 0.14666666666666667
4 0.17375 0.37666666666666665 0.1025 0.15333333333333332
4 0.6575 0.24833333333333332 0.135 0.13666666666666666
4 0.0875 0.535 0.17 0.13
4 0.4 0.24 0.115 0.14
4 0.57375 0.7483333333333333 0.2125 0.22333333333333333