4 0.07772020725388601 0.12083333333333333 0.08981001727115717 0.195
4 0.19084628670120898 0.11916666666666667 0.09499136442141623 0.19833333333333333
4 0.30397236614853196 0.1275 0.07944732297063903 0.175
4 0.8100172711571675 0.5575 0.07944732297063903 0.175
4 0.2987910189982729 0.5591666666666667 0.07944732297063903 0.175
4 0.5008635578583766 0.5575 0.07944732297063903 0.175
4 0.6079447322970639 0.3425 0.07944732297063903 0.175
4 0.5112262521588946 0.12416666666666666 0.07944732297063903 0.175
4 0.4058721934369603 0.1275 0.07944732297063903 0.175
4 0.7046632124352331 0.5625 0.07944732297063903 0.175
4 0.18998272884283246 0.3425 0.07944732297063903 0.175
4 0.6122625215889465 0.12 0.07772020725388601 0.19666666666666666
4 0.40500863557858374 0.5566666666666666 0.07772020725388601 0.19666666666666666
4 0.9196891191709845 0.5433333333333333 0.07772020725388601 0.19666666666666666
4 0.4067357512953368 0.345 0.07772020725388601 0.19666666666666666
4 0.07512953367875648 0.3433333333333333 0.07772020725388601 0.19666666666666666
4 0.9265975820379966 0.10833333333333334 0.07772020725388601 0.19666666666666666
4 0.18566493955094993 0.5508333333333333 0.09499136442141623 0.19833333333333333
4 0.7055267702936097 0.3458333333333333 0.09499136442141623 0.19833333333333333
4 0.7115716753022453 0.12083333333333333 0.07599309153713299 0.16833333333333333
4 0.8143350604490501 0.12 0.09153713298791019 0.17
4 0.6044905008635578 0.5558333333333333 0.08981001727115717 0.195
4 0.2987910189982729 0.3458333333333333 0.08981001727115717 0.195
4 0.5129533678756477 0.3416666666666667 0.1001727115716753 0.19333333333333333
4 0.8117443868739206 0.3333333333333333 0.1001727115716753 0.19333333333333333
4 0.9214162348877375 0.34 0.09153713298791019 0.17
4 0.07512953367875648 0.5666666666666667 0.09153713298791019 0.17