4 0.1275 0.7416666666666667 0.235 0.15666666666666668
4 0.34625 0.7916666666666666 0.2125 0.13666666666666666
4 0.61625 0.8116666666666666 0.2225 0.13
4 0.86625 0.6833333333333333 0.2025 0.12
4 0.6425 0.655 0.205 0.13
4 0.4175 0.6416666666666667 0.215 0.15666666666666668
4 0.21125 0.6066666666666667 0.1925 0.12666666666666668
4 0.3125 0.49166666666666664 0.19 0.13666666666666666
4 0.535 0.515 0.18 0.12333333333333334
4 0.725 0.5266666666666666 0.185 0.14
4 0.915 0.5483333333333333 0.17 0.14333333333333334
4 0.8675 0.39666666666666667 0.17 0.12666666666666668
4 0.55125 0.37833333333333335 0.1525 0.11
4 0.38875 0.36666666666666664 0.1575 0.12
4 0.4125 0.245 0.225 0.14333333333333334
4 0.63875 0.26 0.2325 0.14
4 0.8825 0.275 0.23 0.14333333333333334
4 0.52375 0.14333333333333334 0.2275 0.14
4 0.77 0.14666666666666667 0.235 0.14666666666666667
4 0.8675 0.8166666666666667 0.23 0.16