4 0.0475 0.5301003344481605 0.09 0.17725752508361203
4 0.14125 0.5100334448160535 0.1025 0.16387959866220736
4 0.24125 0.5066889632107023 0.0725 0.16387959866220736
4 0.3225 0.5183946488294314 0.075 0.20066889632107024
4 0.4425 0.5284280936454849 0.07 0.18729096989966554
4 0.51375 0.5317725752508361 0.0725 0.17391304347826086
4 0.59875 0.5367892976588629 0.0725 0.18394648829431437
4 0.09375 0.342809364548495 0.0875 0.15719063545150502
4 0.18 0.34782608695652173 0.065 0.13377926421404682
4 0.2575 0.3311036789297659 0.07 0.14715719063545152
4 0.3525 0.32441471571906355 0.06 0.13377926421404682
4 0.4325 0.33612040133779264 0.065 0.1505016722408027
4 0.51 0.3394648829431438 0.065 0.14381270903010032
4 0.595 0.34448160535117056 0.065 0.1605351170568562
4 0.6825 0.3595317725752508 0.065 0.16387959866220736
4 0.77125 0.36454849498327757 0.0625 0.15384615384615385
4 0.7075 0.5484949832775919 0.075 0.17391304347826086
4 0.7875 0.5451505016722408 0.07 0.18729096989966554
4 0.8625 0.3795986622073579 0.08 0.1505016722408027
4 0.88375 0.5518394648829431 0.0825 0.1806020066889632