4 0.500625 0.6891666666666667 0.21125 0.37166666666666665
4 0.87125 0.6333333333333333 0.2325 0.37
4 0.19 0.5216666666666666 0.1625 0.27
4 0.34875 0.4008333333333333 0.1175 0.195
4 0.40375 0.2783333333333333 0.115 0.14333333333333334
4 0.564375 0.38 0.11875 0.21666666666666667
4 0.745625 0.3375 0.16125 0.195
4 0.605625 0.20666666666666667 0.11125 0.16
4 0.45 0.15416666666666667 0.085 0.12833333333333333
4 0.18875 0.3225 0.18 0.20166666666666666
4 0.289375 0.12833333333333333 0.14875 0.11
4 0.1725 0.22583333333333333 0.22 0.13833333333333334
4 0.13375 0.12833333333333333 0.095 0.15666666666666668
4 0.77625 0.060833333333333336 0.0825 0.11166666666666666
4 0.891875 0.05 0.15625 0.08666666666666667
4 0.718125 0.043333333333333335 0.09375 0.08333333333333333