4 0.153125 0.6366666666666667 0.21875 0.15333333333333332
4 0.198125 0.4575 0.16625 0.21166666666666667
4 0.3225 0.3075 0.165 0.125
4 0.446875 0.20666666666666667 0.16625 0.15333333333333332
4 0.63625 0.17916666666666667 0.145 0.15833333333333333
4 0.870625 0.22 0.16125 0.19
4 0.505 0.3925 0.165 0.10166666666666667
4 0.648125 0.30083333333333334 0.17375 0.15166666666666667
4 0.876875 0.41 0.18625 0.19
4 0.641875 0.46 0.19625 0.10666666666666667
4 0.76125 0.5783333333333334 0.2 0.15666666666666668
4 0.515625 0.5766666666666667 0.20625 0.18666666666666668
4 0.359375 0.5916666666666667 0.14875 0.23666666666666666
4 0.475625 0.7866666666666666 0.21625 0.18333333333333332