4 0.895 0.33879781420765026 0.19533333333333333 0.16120218579234974
4 0.8816666666666667 0.13012295081967212 0.22866666666666666 0.15368852459016394
4 0.406 0.7387295081967213 0.216 0.18101092896174864
4 0.666 0.7295081967213115 0.2653333333333333 0.13524590163934427
4 0.88 0.7254098360655737 0.24 0.15027322404371585
4 0.141 0.9200819672131147 0.2806666666666667 0.11202185792349727
4 0.4046666666666667 0.9019808743169399 0.22533333333333333 0.11270491803278689
4 0.6466666666666666 0.9016393442622951 0.21466666666666667 0.16393442622950818
4 0.884 0.9129098360655737 0.22933333333333333 0.17418032786885246
4 0.887 0.5280054644808743 0.20866666666666667 0.16256830601092895
4 0.392 0.537568306010929 0.23866666666666667 0.11885245901639344