4 0.12 0.08844339622641509 0.23529411764705882 0.14386792452830188
4 0.39294117647058824 0.08490566037735849 0.24 0.16037735849056603
4 0.6517647058823529 0.09080188679245282 0.23529411764705882 0.1580188679245283
4 0.888235294117647 0.08608490566037735 0.2 0.15330188679245282
4 0.13411764705882354 0.3089622641509434 0.24941176470588236 0.1650943396226415
4 0.39647058823529413 0.2936320754716981 0.23294117647058823 0.16745283018867924
4 0.8847058823529412 0.2865566037735849 0.19294117647058823 0.16273584905660377
4 0.1223529411764706 0.5106132075471698 0.24 0.14386792452830188
4 0.3847058823529412 0.5023584905660378 0.20941176470588235 0.15566037735849056
4 0.6364705882352941 0.5070754716981132 0.2235294117647059 0.15566037735849056
4 0.8811764705882353 0.5129716981132075 0.20941176470588235 0.15330188679245282
4 0.12352941176470589 0.6969339622641509 0.23294117647058823 0.16273584905660377
4 0.39294117647058824 0.6875 0.24941176470588236 0.12028301886792453
4 0.6411764705882353 0.6992924528301887 0.2188235294117647 0.13443396226415094
4 0.8811764705882353 0.7040094339622641 0.22823529411764706 0.13443396226415094
4 0.12117647058823529 0.8974056603773585 0.22823529411764706 0.1580188679245283
4 0.38 0.9056603773584906 0.2376470588235294 0.1509433962264151
4 0.6341176470588236 0.9044811320754716 0.2235294117647059 0.15330188679245282
4 0.8764705882352941 0.8926886792452831 0.2188235294117647 0.125