4 0.11439588688946016 0.10178571428571428 0.16709511568123395 0.14642857142857144
4 0.3213367609254499 0.10357142857142858 0.2210796915167095 0.17142857142857143
4 0.5642673521850899 0.10714285714285714 0.2390745501285347 0.16428571428571428
4 0.8329048843187661 0.09107142857142857 0.27249357326478146 0.16785714285714284
4 0.12596401028277635 0.2732142857142857 0.19023136246786632 0.14642857142857144
4 0.36632390745501286 0.28035714285714286 0.23393316195372751 0.16785714285714284
4 0.6336760925449871 0.2875 0.2544987146529563 0.16785714285714284
4 0.8868894601542416 0.2732142857142857 0.17480719794344474 0.13214285714285715
4 0.15295629820051415 0.44821428571428573 0.2596401028277635 0.14642857142857144
4 0.3856041131105398 0.45535714285714285 0.17480719794344474 0.15357142857142858
4 0.5912596401028277 0.4625 0.18508997429305912 0.1392857142857143
4 0.8521850899742931 0.4714285714285714 0.2647814910025707 0.19285714285714287
4 0.16323907455012854 0.6232142857142857 0.2647814910025707 0.15357142857142858
4 0.41516709511568123 0.6232142857142857 0.20308483290488433 0.125
4 0.6388174807197944 0.6392857142857142 0.2185089974293059 0.18571428571428572
4 0.8701799485861182 0.6517857142857143 0.19794344473007713 0.13214285714285715
4 0.13110539845758354 0.8142857142857143 0.19023136246786632 0.15714285714285714
4 0.36503856041131105 0.8178571428571428 0.2467866323907455 0.18571428571428572
4 0.6015424164524421 0.8142857142857143 0.21079691516709512 0.15
4 0.8547557840616966 0.8410714285714286 0.2544987146529563 0.21785714285714286